algo:a3c
0.04
600
[[2, 10], [10, 20], [10, 20], [15, 20]]
accept_ratio:0.24775224775224775
rev_cost:0.24784946236559138
cum_rev:35501.0

algo:a3c
0.08
600
[[2, 10], [10, 20], [10, 20], [15, 20]]
accept_ratio:0.14085914085914086
rev_cost:0.2372735116479724
cum_rev:18658.0

algo:a3c
0.12
600
[[2, 10], [10, 20], [10, 20], [15, 20]]
accept_ratio:0.0899100899100899
rev_cost:0.23033067274800456
cum_rev:11896.0

algo:a3c
0.16
600
[[2, 10], [10, 20], [10, 20], [15, 20]]
accept_ratio:0.07192807192807193
rev_cost:0.2576445655464729
cum_rev:9060.0

algo:a3c
0.2
600
[[2, 10], [10, 20], [10, 20], [15, 20]]
accept_ratio:0.056943056943056944
rev_cost:0.26642771804062126
cum_rev:8231.0

algo:a3c
0.04
500
[[2, 10], [10, 20], [10, 20], [15, 20]]
accept_ratio:0.2627372627372627
rev_cost:0.23269774011299435
cum_rev:36040.0

algo:a3c
0.04
600
[[2, 10], [10, 20], [10, 20], [15, 20]]
accept_ratio:0.24175824175824176
rev_cost:0.24878048780487805
cum_rev:33214.0

algo:a3c
0.04
700
[[2, 10], [10, 20], [10, 20], [15, 20]]
accept_ratio:0.23276723276723277
rev_cost:0.24338085539714868
cum_rev:29003.0

algo:a3c
0.04
800
[[2, 10], [10, 20], [10, 20], [15, 20]]
accept_ratio:0.22477522477522477
rev_cost:0.24503968253968256
cum_rev:30789.0

algo:a3c
0.04
900
[[2, 10], [10, 20], [10, 20], [15, 20]]
accept_ratio:0.1968031968031968
rev_cost:0.23711980136561142
cum_rev:27760.0

algo:a3c
0.04
600
[[2, 10], [10, 20], [10, 20], [15, 20]]
accept_ratio:0.24875124875124874
rev_cost:0.25896564741411854
cum_rev:35798.0

algo:a3c
0.04
600
[[2, 10], [10, 30], [10, 30], [15, 30]]
accept_ratio:0.1958041958041958
rev_cost:0.24822154471544713
cum_rev:33406.0

algo:a3c
0.04
600
[[2, 10], [10, 40], [10, 40], [15, 40]]
accept_ratio:0.16383616383616384
rev_cost:0.2708624708624709
cum_rev:29722.0

algo:a3c
0.04
600
[[2, 10], [10, 50], [10, 50], [15, 50]]
accept_ratio:0.13186813186813187
rev_cost:0.2567191844300278
cum_rev:28390.0

algo:a3c
0.04
600
[[2, 10], [10, 60], [10, 60], [15, 60]]
accept_ratio:0.10589410589410589
rev_cost:0.2954091816367265
cum_rev:21636.0