algo:a3c
0.04
600
[[3, 6], [2, 4], [2, 4, 8], [32, 48]]
vnr distribution : [3, 523, 265]

algo:a3c
0.08
600
[[3, 6], [2, 4], [2, 4, 8], [32, 48]]
vnr distribution : [3, 393, 243]

algo:a3c
0.12
600
[[3, 6], [2, 4], [2, 4, 8], [32, 48]]
vnr distribution : [1, 319, 189]

algo:a3c
0.16
600
[[3, 6], [2, 4], [2, 4, 8], [32, 48]]
vnr distribution : [4, 279, 188]

algo:a3c
0.2
600
[[3, 6], [2, 4], [2, 4, 8], [32, 48]]
vnr distribution : [6, 223, 146]

algo:a3c
0.04
500
[[3, 6], [2, 4], [2, 4, 8], [32, 48]]
vnr distribution : [9, 537, 281]

algo:a3c
0.04
600
[[3, 6], [2, 4], [2, 4, 8], [32, 48]]
vnr distribution : [5, 548, 265]

algo:a3c
0.04
700
[[3, 6], [2, 4], [2, 4, 8], [32, 48]]
vnr distribution : [5, 509, 255]

algo:a3c
0.04
800
[[3, 6], [2, 4], [2, 4, 8], [32, 48]]
vnr distribution : [4, 479, 254]

algo:a3c
0.04
900
[[3, 6], [2, 4], [2, 4, 8], [32, 48]]
vnr distribution : [8, 473, 261]

algo:a3c
0.04
600
[[3, 6], [2, 4], [2, 4, 8], [32, 48]]
vnr distribution : [4, 514, 277]

algo:a3c
0.04
600
[[3, 6], [4, 6], [4, 6, 10], [36, 52]]
vnr distribution : [4, 464, 16]

algo:a3c
0.04
600
[[3, 6], [6, 8], [6, 8, 12], [40, 56]]
vnr distribution : [5, 330, 7]

algo:a3c
0.04
600
[[3, 6], [8, 10], [8, 10, 14], [44, 60]]
vnr distribution : [3, 242, 32]

algo:a3c
0.04
600
[[3, 6], [10, 12], [10, 12, 16], [48, 64]]
vnr distribution : [4, 177, 82]

